3
4
6
8
9
9
10
14
14
19
19
31
31
38
43
45
49
51
57
59
63
63
65
68
70
73
75
82
83
90
98
101
106
111
112
117
120
122
123
124
129
129
139
151
156
158
163
166
170
170
171
179
191
193
197
203
203
205
205
212
219
224
225
229
234
236
244
245
249
250
251
252
253
256
264
270
271
272
287
288
291
292
293
294
297
300
303
309
309
309
310
313
314
315
322
331
331
334
335
337
339
344
348
348
351
356
366
367
375
376
377
380
388
388
390
391
393
395
400
406
417
420
421
426
430
434
437
443
445
446
454
455
455
457
457
459
464
471
472
474
474
475
476
478
482
482
487
488
488
495
500
500
503
503
503
514
515
518
519
521
529
534
537
540
541
544
545
552
554
555
562
563
564
568
569
572
578
578
584
586
586
590
595
596
604
604
614
615
617
617
628
631
637
641
642
643
643
644
651
653
654
654
655
656
662
665
685
690
694
700
703
705
707
711
711
713
717
717
723
728
728
729
731
734
735
737
742
744
754
755
756
757
764
766
776
777
783
788
788
793
810
811
812
812
815
818
819
820
824
830
831
832
833
836
838
846
849
858
861
861
861
862
864
867
880
882
884
886
893
902
902
903
903
909
909
911
914
915
916
918
933
945
946
951
952
952
957
958
961
961
967
968
971
984
986
989
991
998
998
1000
